$ 1 0.000005 10.20027730826997 50 5 50 5e-11
x 120 74 136 77 4 24 B
x 181 75 198 78 4 24 C
x 247 76 264 79 4 24 D
x 59 73 75 76 4 24 A
L 128 160 128 96 0 0 false 5 0
L 192 256 192 96 0 0 false 5 0
w 192 256 192 320 0
L 256 160 256 96 0 0 false 5 0
L 64 432 64 96 0 0 false 5 0
w 128 160 128 480 0
M 592 160 656 160 0 2.5
x 646 138 662 141 4 24 Y
184 464 160 576 160 0 2
w 560 480 560 320 0
I 64 432 288 432 0 0.5 5
w 128 480 480 480 0
w 480 480 560 480 0
w 192 320 528 320 0
w 256 224 256 160 0
w 464 256 464 432 0
w 464 432 448 432 0
150 336 272 432 272 0 2 5 5
w 256 224 464 224 0
w 432 272 432 192 0
w 432 192 464 192 0
w 256 256 256 224 0
w 288 432 336 432 0
w 336 432 336 288 0
w 336 432 448 432 0
I 256 256 336 256 0 0.5 5
v 352 160 464 160 0 0 40 5 0 0 0.5
x 334 133 483 136 4 24 Stała\slogiczna
