$ 1 0.000005 10.20027730826997 50 5 50 5e-11
x 120 74 136 77 4 24 B
x 181 75 198 78 4 24 C
x 247 76 264 79 4 24 D
x 59 73 75 76 4 24 A
L 128 160 128 96 0 0 false 5 0
L 192 256 192 96 0 0 false 5 0
w 192 256 192 320 0
L 256 160 256 96 0 0 false 5 0
L 64 432 64 96 0 0 false 5 0
w 128 160 128 480 0
M 592 160 656 160 0 2.5
x 646 138 662 141 4 24 Y
184 432 160 496 160 0 3
w 64 512 560 512 0
w 528 480 528 448 0
w 192 448 192 320 0
w 128 480 528 480 0
w 64 432 64 512 0
w 560 448 560 512 0
I 352 192 432 192 0 0.5 5
w 432 160 320 160 0
w 432 384 288 384 0
w 288 384 288 320 0
w 288 320 288 112 0
w 288 112 336 112 0
w 352 192 256 192 0
w 256 192 256 160 0
w 432 224 256 224 0
w 256 224 256 192 0
w 432 352 256 352 0
w 432 256 320 256 0
w 320 160 320 256 0
w 320 256 320 288 0
w 320 288 432 288 0
w 320 288 320 560 0
w 432 320 288 320 0
w 256 352 256 224 0
L 336 112 400 112 0 0 false 5 0
w 320 560 256 560 0
L 256 560 240 560 0 1 false 5 0
w 192 448 496 448 0
x 77 596 470 599 4 24 Stała\slogiczna\s1\s(np.\sźródło\snapięcia)
x 302 92 592 95 4 24 Stała\slogiczna\s0\s(np.\smasa)
