$ 1 0.000005 10.20027730826997 50 5 50 5e-11
x 120 74 136 77 4 24 B
x 181 75 198 78 4 24 C
x 247 76 264 79 4 24 D
x 59 73 75 76 4 24 A
150 384 208 496 208 0 2 5 5
I 320 160 368 160 0 0.5 5
I 320 256 368 256 0 0.5 5
L 128 160 128 96 0 0 false 5 0
w 128 160 320 160 0
w 368 160 384 192 0
w 368 256 384 224 0
L 192 256 192 96 0 0 false 5 0
w 192 256 320 256 0
w 368 320 384 352 0
I 320 320 368 320 0 0.5 5
150 384 368 496 368 0 2 0 5
w 192 256 192 320 0
w 192 320 320 320 0
L 256 384 256 96 0 0 false 5 0
w 256 384 384 384 0
w 368 528 384 496 0
w 368 432 384 464 0
I 320 528 368 528 0 0.5 5
I 320 432 368 432 0 0.5 5
150 384 480 496 480 0 3 5 5
I 320 480 368 480 0 0.5 5
w 368 480 384 480 0
L 64 432 64 96 0 0 false 5 0
w 64 432 320 432 0
w 128 160 128 480 0
w 128 480 320 480 0
w 256 384 256 528 0
w 256 528 320 528 0
w 256 656 384 656 0
150 384 640 496 640 0 3 0 5
I 320 592 368 592 0 0.5 5
w 368 592 384 624 0
w 320 592 64 592 0
w 64 592 64 432 0
w 128 480 128 624 0
w 384 640 128 640 0
w 128 640 128 624 0
w 192 320 192 656 0
w 192 656 256 656 0
152 624 432 768 432 0 4 5 5
M 768 432 832 432 0 2.5
w 624 400 496 208 0
w 624 416 496 368 0
w 496 480 624 448 0
w 496 640 624 464 0
x 822 410 838 413 4 24 Y
