$ 1 0.000005 10.20027730826997 50 5 50 5e-11
x -312 138 -296 141 4 24 B
x -251 139 -234 142 4 24 C
x -185 140 -168 143 4 24 D
x -373 137 -357 140 4 24 A
L -304 224 -304 160 0 0 false 5 0
L -240 320 -240 160 0 0 false 5 0
w -240 320 -240 384 0
L -176 224 -176 160 0 0 false 5 0
L -368 496 -368 160 0 0 false 5 0
w -304 224 -304 544 0
x 472 270 488 273 4 24 Y
w -240 512 -240 384 0
w -368 496 -368 576 0
w -176 256 -176 224 0
w -176 288 -176 256 0
w -176 416 -176 288 0
185 -112 80 -16 80 0 4
L -112 80 -160 80 0 1 false 5 0
w -80 624 -176 624 0
w -176 624 -176 416 0
w -48 624 -48 640 0
w -48 640 -240 640 0
w -240 640 -240 512 0
w -16 624 -16 656 0
w -16 656 -304 656 0
w -304 656 -304 544 0
w 16 624 16 672 0
w 16 672 -368 672 0
w -368 672 -368 576 0
M 80 176 192 176 0 2.5
M 80 208 192 208 0 2.5
M 80 400 192 400 0 2.5
M 80 432 192 432 0 2.5
M 80 464 192 464 0 2.5
M 80 528 192 528 0 2.5
M 80 560 192 560 0 2.5
152 304 304 448 304 0 9 0 5
M 448 304 480 304 0 2.5
w 80 496 304 496 0
w 304 368 304 496 0
w 80 368 304 352 0
w 80 336 304 336 0
w 80 304 304 320 0
w 80 272 304 304 0
w 80 240 304 288 0
w 80 80 288 80 0
w 304 240 304 80 0
w 304 80 288 80 0
w 304 272 224 240 0
w 304 256 272 240 0
w 224 240 224 160 0
w 80 144 224 144 0
w 224 160 224 144 0
w 272 240 272 112 0
w 80 112 272 112 0
x -331 85 -182 88 4 24 Stała\slogiczna
